242;0;40;0;94;35;0;85;9;3;1;1;4;0;2;4;0;3;2;3;0;0;0;0;0;0;0;0;0;0;0;0;0;0;0;0;0;0;0;0;0;0;0;0;0;0;0;0;0;0;0;0;0;0;0;0;0;0;0;0;0;0;0;0;0;0;0;0;0;0;0;0;0;0;0;0;0;0;0;0;0;0;0;0;0;0;0;0;0;1;0;0;0;0;0;0;0;0;0;0;0;0;0;0;0;0;0;0;0;0;0;0;0;0;0;0;0;0;0;0;0;0;0;0;0;0;0;0;0;0;0;0;0;0;0;0;0;0;0;0;0;0;0;0;0;0;0;0;0;0;0;0;0;0;0;0;0;0;0;0;0;0;0;0;0;0;0;0;0;0;0;0;0;0;0;0;0;0;0;0;0;0;0;0;0;0;0;0;0;0;0;0;0;0;0;0;0;0;0;0;0;0;0;0;0;0;0;0;0;0;0;0;0;0;0;0;0;0;0;0;0;0;0;0;0;0;0;0;0;0;0;0;0;0;0;0;0;0;0;0;0;0;0;0;0;0;0;0;0;0;0;0;0;0;0;0
0;0;0;0;0;0;0;0;0;0;0;0;0;0;0;0;0;0;0;0;0;0;0;0;0;0;0;0;0;0;0;0;0;0;0;0;0;0;0;0;0;0;0;0;0;0;0;0;0;0;0;0;0;0;0;0;0;0;0;0;0;0;0;0;0;0;0;0;0;0;0;0;0;0;0;0;0;0;0;0;0;0;0;0;0;0;0;0;0;0;0;0;0;0;0;0;0;0;0;0;0;0;0;0;0;0;0;0;0;0;0;0;0;0;0;0;0;0;0;0;0;0;0;0;0;0;0;0;0;0;0;0;0;0;0;0;0;0;0;0;0;0;0;0;0;0;0;0;0;0;0;0;0;0;0;0;0;0;0;0;0;0;0;0;0;0;0;0;0;0;0;0;0;0;0;0;0;0;0;0;0;0;0;0;0;0;0;0;0;0;0;0;0;0;0;0;0;0;0;0;0;0;0;0;0;0;0;0;0;0;0;0;0;0;0;0;0;0;0;0;0;0;0;0;0;0;0;0;0;0;0;0;0;0;0;0;0;0;0;0;0;0;0;0;0;0;0;0;0;0;0;0;0;0;0;0
40;0;540;0;215;57;0;104;46;32;5;7;4;5;6;7;5;14;17;34;11;34;7;4;0;0;0;1;0;0;0;1;0;0;1;0;0;0;1;0;0;0;0;0;0;0;0;0;1;2;0;0;0;0;0;0;0;0;0;0;0;1;0;0;0;0;0;0;0;0;0;0;0;0;0;0;0;0;0;0;0;0;0;1;0;1;0;1;0;4;1;6;1;9;11;19;19;1;0;0;0;0;0;0;0;0;0;0;0;0;0;0;0;0;0;0;0;0;0;0;0;0;0;0;0;0;0;0;0;0;0;0;0;0;0;0;0;0;0;0;0;0;0;0;0;0;0;0;0;0;0;0;0;0;0;0;0;0;0;0;0;0;0;0;0;0;0;0;0;0;0;0;0;0;0;0;0;0;0;0;0;0;0;0;0;0;0;0;0;0;0;0;0;0;0;0;0;0;0;0;0;0;0;0;0;0;0;0;0;0;0;0;0;0;0;0;0;0;0;0;0;0;0;0;0;0;0;0;0;0;0;0;0;0;0;0;0;0;0;0;0;0;0;0;0;0;0;0;0;0;0;0;0;0;0;0
0;0;0;0;0;0;0;0;0;0;0;0;0;0;0;0;0;0;0;0;0;0;0;0;0;0;0;0;0;0;0;0;0;0;0;0;0;0;0;0;0;0;0;0;0;0;0;0;0;0;0;0;0;0;0;0;0;0;0;0;0;0;0;0;0;0;0;0;0;0;0;0;0;0;0;0;0;0;0;0;0;0;0;0;0;0;0;0;0;0;0;0;0;0;0;0;0;0;0;0;0;0;0;0;0;0;0;0;0;0;0;0;0;0;0;0;0;0;0;0;0;0;0;0;0;0;0;0;0;0;0;0;0;0;0;0;0;0;0;0;0;0;0;0;0;0;0;0;0;0;0;0;0;0;0;0;0;0;0;0;0;0;0;0;0;0;0;0;0;0;0;0;0;0;0;0;0;0;0;0;0;0;0;0;0;0;0;0;0;0;0;0;0;0;0;0;0;0;0;0;0;0;0;0;0;0;0;0;0;0;0;0;0;0;0;0;0;0;0;0;0;0;0;0;0;0;0;0;0;0;0;0;0;0;0;0;0;0;0;0;0;0;0;0;0;0;0;0;0;0;0;0;0;0;0;0
94;0;215;0;1228;213;0;385;146;80;44;61;7;8;4;8;14;16;20;16;7;10;7;0;1;0;0;1;0;0;0;0;0;0;0;0;0;1;0;0;0;0;0;0;0;0;0;0;0;0;0;0;0;0;0;0;0;0;0;0;0;0;0;0;0;0;0;0;0;0;0;0;0;0;0;0;0;0;0;0;0;0;0;0;0;0;0;0;0;0;0;0;0;0;0;0;2;2;2;1;0;0;0;0;0;0;0;0;0;0;0;0;0;0;0;0;0;0;0;0;0;0;0;0;0;0;0;0;0;0;0;0;0;0;0;0;0;0;0;0;0;0;0;0;0;0;0;0;0;0;0;0;0;0;0;0;0;0;0;0;0;0;0;0;0;0;0;0;0;0;0;0;0;0;0;0;0;0;0;0;0;0;0;0;0;0;0;0;0;0;0;0;0;0;0;0;0;0;0;0;0;0;0;0;0;0;0;0;0;0;0;0;0;0;0;0;0;0;0;0;0;0;0;0;0;0;0;0;0;0;0;0;0;0;0;0;0;0;0;0;0;0;0;0;0;0;0;0;0;0;0;0;0;0;0;0
35;0;57;0;213;470;0;204;104;35;31;25;9;2;4;8;8;38;4;14;6;8;15;1;2;1;0;2;0;1;1;0;0;2;9;1;0;0;1;0;0;0;0;0;0;0;0;1;0;2;0;1;0;1;1;0;0;0;0;0;0;0;0;0;0;0;0;1;0;0;0;0;0;0;0;0;0;0;0;0;0;0;0;3;2;0;0;0;1;0;3;1;3;4;0;2;1;1;1;0;0;0;0;0;0;0;0;0;0;0;0;0;0;0;0;0;0;0;0;0;0;0;0;0;0;0;0;0;0;0;0;0;0;0;0;0;0;0;0;0;0;0;0;0;0;0;0;0;0;0;0;0;0;0;0;0;0;0;0;0;0;0;0;0;0;0;0;0;0;0;0;0;0;0;0;0;0;0;0;0;0;0;0;0;0;0;0;0;0;0;0;0;0;0;0;0;0;0;0;0;0;0;0;0;0;0;0;0;0;0;0;0;0;0;0;0;0;0;0;0;0;0;0;0;0;0;0;0;0;0;0;0;0;0;0;0;0;0;0;0;0;0;0;0;0;0;0;0;0;0;0;0;0;0;0;0
0;0;0;0;0;0;0;0;0;0;0;0;0;0;0;0;0;0;0;0;0;0;0;0;0;0;0;0;0;0;0;0;0;0;0;0;0;0;0;0;0;0;0;0;0;0;0;0;0;0;0;0;0;0;0;0;0;0;0;0;0;0;0;0;0;0;0;0;0;0;0;0;0;0;0;0;0;0;0;0;0;0;0;0;0;0;0;0;0;0;0;0;0;0;0;0;0;0;0;0;0;0;0;0;0;0;0;0;0;0;0;0;0;0;0;0;0;0;0;0;0;0;0;0;0;0;0;0;0;0;0;0;0;0;0;0;0;0;0;0;0;0;0;0;0;0;0;0;0;0;0;0;0;0;0;0;0;0;0;0;0;0;0;0;0;0;0;0;0;0;0;0;0;0;0;0;0;0;0;0;0;0;0;0;0;0;0;0;0;0;0;0;0;0;0;0;0;0;0;0;0;0;0;0;0;0;0;0;0;0;0;0;0;0;0;0;0;0;0;0;0;0;0;0;0;0;0;0;0;0;0;0;0;0;0;0;0;0;0;0;0;0;0;0;0;0;0;0;0;0;0;0;0;0;0;0
85;0;104;0;385;204;0;1998;352;161;94;128;23;17;9;15;16;85;30;57;30;48;53;11;2;5;3;6;4;1;2;0;5;10;0;9;4;3;3;0;0;0;1;2;1;1;0;0;0;2;2;0;1;0;1;0;0;0;0;0;0;0;0;0;0;0;0;0;0;0;0;0;0;0;0;0;0;0;1;2;1;1;1;5;2;3;1;4;0;5;2;3;4;1;1;1;1;1;0;0;0;0;0;0;0;0;0;0;0;0;0;0;0;0;0;0;0;0;0;0;0;0;0;0;0;0;0;0;0;0;0;0;0;0;0;0;0;0;0;0;0;0;0;0;0;0;0;0;0;0;0;0;0;0;0;0;0;0;0;0;0;0;0;0;0;0;0;0;0;0;0;0;0;0;0;0;0;0;0;0;0;0;0;0;0;0;0;0;0;0;0;0;0;0;0;0;0;0;0;0;0;0;0;0;0;0;0;0;0;0;0;0;0;0;0;0;0;0;0;0;0;0;0;0;0;0;0;0;0;0;0;0;0;0;0;0;0;0;0;0;0;0;0;0;0;0;0;0;0;0;0;0;0;0;0;0
9;0;46;0;146;104;0;352;932;195;109;47;36;22;6;16;8;20;30;37;35;42;52;23;10;9;2;16;6;4;15;5;11;3;2;1;1;1;0;0;0;0;0;1;0;0;0;2;0;3;0;0;0;0;0;0;0;1;0;0;0;0;1;0;0;0;0;0;0;0;0;1;0;0;0;1;0;0;0;0;0;0;0;0;0;0;0;0;0;1;0;1;1;1;0;1;1;1;0;1;0;0;0;0;0;0;0;0;0;0;0;0;0;0;0;0;0;0;0;0;0;0;0;0;0;0;0;0;0;0;0;0;0;0;0;0;0;0;0;0;0;0;0;0;0;0;0;0;0;0;0;0;0;0;0;0;0;0;0;0;0;0;0;0;0;0;0;0;0;0;0;0;0;0;0;0;0;0;0;0;0;0;0;0;0;0;0;0;0;0;0;0;0;0;0;0;0;0;0;0;0;0;0;0;0;0;0;0;0;0;0;0;0;0;0;0;0;0;0;0;0;0;0;0;0;0;0;0;0;0;0;0;0;0;0;0;0;0;0;0;0;0;0;0;0;0;0;0;0;0;0;0;0;0;0;0
3;0;32;0;80;35;0;161;195;500;123;91;38;36;11;32;9;30;18;25;17;26;19;14;13;8;6;3;9;10;8;2;3;8;3;14;16;4;8;2;1;3;0;2;0;1;0;1;0;2;1;2;0;0;1;0;3;1;1;0;3;2;1;1;3;1;0;2;0;2;1;0;0;2;0;0;0;0;1;3;2;1;1;1;1;3;4;4;5;2;5;0;0;3;4;0;2;0;0;0;0;0;0;0;0;0;0;0;0;0;1;0;0;0;0;0;0;0;0;0;0;0;0;0;0;0;0;0;0;0;0;0;0;0;0;0;0;0;0;0;0;0;0;0;0;0;0;0;0;0;0;0;0;0;0;0;0;0;0;0;0;0;0;0;0;0;0;0;0;0;0;0;0;0;0;0;0;0;0;0;0;0;0;0;0;0;0;0;0;0;0;0;0;0;0;0;0;0;0;0;0;0;0;0;0;0;0;0;0;0;0;0;0;0;0;0;0;0;0;0;0;0;0;0;0;0;0;0;0;0;0;0;0;0;0;0;0;0;0;0;0;0;0;0;0;0;0;0;0;0;0;0;0;0;0;0
1;0;5;0;44;31;0;94;109;123;406;121;85;36;31;23;21;15;15;10;10;8;31;3;10;5;11;42;8;28;31;5;8;24;6;19;10;3;1;0;0;5;1;0;1;1;0;1;0;2;0;1;2;0;1;0;1;0;5;0;0;4;3;0;2;2;0;1;1;2;0;3;0;2;0;2;0;1;4;0;2;1;4;5;3;1;4;1;2;2;1;1;1;0;0;2;0;1;0;0;0;0;0;0;0;0;0;0;0;0;0;0;0;0;0;0;0;0;0;1;0;0;0;0;0;0;0;0;0;0;0;0;0;0;0;0;0;0;0;0;0;0;0;0;0;0;0;0;0;0;0;0;0;0;0;0;0;0;0;0;0;0;0;0;0;0;0;0;0;0;0;0;0;0;0;0;0;0;0;0;0;0;0;0;0;0;0;0;0;0;0;0;0;0;0;0;0;0;0;0;0;0;0;0;0;0;0;0;0;0;0;0;0;0;0;0;0;0;0;0;0;0;0;0;0;0;0;0;0;0;0;0;0;0;0;0;0;0;0;0;0;0;0;0;0;0;0;0;0;0;0;0;0;0;0;0
1;0;7;0;61;25;0;128;47;91;121;360;62;66;28;43;13;43;7;26;4;9;24;7;11;6;6;15;6;5;29;4;23;29;12;33;25;13;11;2;0;7;2;5;2;1;1;2;1;2;2;1;2;2;0;0;1;1;1;1;1;1;2;0;0;0;0;1;1;1;0;3;0;0;0;0;0;0;2;0;1;2;1;1;0;3;1;1;1;1;0;0;0;0;1;0;2;0;0;0;0;0;0;0;0;0;0;0;0;0;0;0;0;0;0;0;0;0;0;0;0;0;0;0;0;0;0;0;0;0;0;0;0;0;0;0;0;0;0;0;0;0;0;0;0;0;0;0;0;0;0;0;0;0;0;0;0;0;0;0;0;0;0;0;0;0;0;0;0;0;0;0;0;0;0;0;0;0;0;0;0;0;0;0;0;0;0;0;0;0;0;0;0;0;0;0;0;0;0;0;0;0;0;0;0;0;0;0;0;0;0;0;0;0;0;0;0;0;0;0;0;0;0;0;0;0;0;0;0;0;0;0;0;0;0;0;0;0;0;0;0;0;0;0;0;0;0;0;0;0;0;0;0;0;0;0
4;0;4;0;7;9;0;23;36;38;85;62;136;60;96;42;41;21;24;9;16;17;24;13;11;9;16;15;6;4;9;5;7;14;5;3;17;3;12;1;5;6;0;2;0;4;0;0;0;1;0;0;1;0;2;0;0;2;1;0;0;0;0;0;3;1;1;0;1;0;0;4;0;2;3;0;2;4;0;0;1;0;1;0;0;1;0;0;1;0;0;0;0;0;0;0;0;0;0;0;0;0;0;0;0;0;0;0;0;0;0;1;0;0;0;0;0;0;0;0;0;0;0;0;0;0;0;0;0;0;0;0;0;0;0;0;0;0;0;0;0;0;0;0;0;0;0;0;0;0;0;0;0;0;0;0;0;0;0;0;0;0;0;0;0;0;0;0;0;0;0;0;0;0;0;0;0;0;0;0;0;0;0;0;0;0;0;0;0;0;0;0;0;0;0;0;0;0;0;0;0;0;0;0;0;0;0;0;0;0;0;0;0;0;0;0;0;0;0;0;0;0;0;0;0;0;0;0;0;0;0;0;0;0;0;0;0;0;0;0;0;0;0;0;0;0;0;0;0;0;0;0;0;0;0;0
0;0;5;0;8;2;0;17;22;36;36;66;60;152;55;153;28;84;24;43;16;23;44;14;25;20;13;13;7;11;15;3;4;14;4;4;9;4;16;0;6;5;1;1;2;2;0;1;1;3;1;2;2;3;0;0;2;1;1;0;0;0;0;0;0;1;2;0;0;0;0;1;0;0;0;0;0;0;1;0;2;0;0;1;0;0;0;0;0;1;0;0;0;1;0;0;0;1;0;0;0;0;0;0;0;0;0;0;0;0;0;0;0;0;0;0;0;0;0;0;0;0;0;0;0;0;0;0;0;0;0;0;0;0;0;0;0;0;0;0;0;0;0;0;0;0;0;0;0;0;0;0;0;0;0;0;0;0;0;0;0;0;0;0;0;0;0;0;0;0;0;0;0;0;0;0;0;0;0;0;0;0;0;0;0;0;0;0;0;0;0;0;0;0;0;0;0;0;0;0;0;0;0;0;0;0;0;0;0;0;0;0;0;0;0;0;0;0;0;0;0;0;0;0;0;0;0;0;0;0;0;0;0;0;0;0;0;0;0;0;0;0;0;0;0;0;0;0;0;0;0;0;0;0;0;0
2;0;6;0;4;4;0;9;6;11;31;28;96;55;234;98;155;76;64;41;40;26;48;17;11;26;18;18;10;10;16;7;3;7;2;4;4;0;5;3;3;4;1;4;3;3;0;3;2;3;0;0;2;0;2;0;1;1;0;0;0;0;0;1;0;0;0;0;0;2;1;0;0;1;0;1;0;0;0;0;1;0;0;1;1;0;0;0;0;0;0;0;0;1;0;0;0;0;0;0;0;0;0;0;0;0;0;0;0;0;0;0;0;0;0;0;0;0;0;0;0;0;0;0;0;0;0;0;0;0;0;0;0;0;0;0;0;0;0;0;0;0;0;0;0;0;0;0;0;0;0;0;0;0;0;0;0;0;0;0;0;0;0;0;0;0;0;0;0;0;0;0;0;0;0;0;0;0;0;0;0;0;0;0;0;0;0;0;0;0;0;0;0;0;0;0;0;0;0;0;0;0;0;0;0;0;0;0;0;0;0;0;0;0;0;0;0;0;0;0;0;0;0;0;0;0;0;0;0;0;0;0;0;0;0;0;0;0;0;0;0;0;0;0;0;0;0;0;0;0;0;0;0;0;0;0
4;0;7;0;8;8;0;15;16;32;23;43;42;153;98;1166;108;712;70;164;39;68;77;12;20;15;16;19;20;8;24;9;6;15;3;4;9;1;8;5;4;4;2;5;2;11;2;6;2;4;2;2;1;1;2;0;2;1;2;4;0;1;1;2;0;1;0;0;1;1;2;1;0;0;0;0;0;0;0;1;2;0;2;0;0;0;0;1;0;0;0;1;0;0;0;0;0;0;0;0;0;0;0;0;0;0;0;0;0;0;0;0;0;0;0;0;0;0;0;0;0;0;0;0;0;0;0;0;0;0;0;0;0;0;0;0;0;0;0;0;0;0;0;0;0;0;0;0;0;0;0;0;0;0;0;0;0;0;0;0;0;0;0;0;0;0;0;0;0;0;0;0;0;0;0;0;0;0;0;0;0;0;0;0;0;0;0;0;0;0;0;0;0;0;0;0;0;0;0;0;0;0;0;0;0;0;0;0;0;0;0;0;0;0;0;0;0;0;0;0;0;0;0;0;0;0;0;0;0;0;0;0;0;0;0;0;0;0;0;0;0;0;0;0;0;0;0;0;0;0;0;0;0;0;0;0
0;0;5;0;14;8;0;16;8;9;21;13;41;28;155;108;826;284;265;89;109;50;92;35;18;32;15;44;19;12;25;11;7;21;8;5;13;3;10;1;2;3;1;7;1;8;6;13;5;5;0;2;1;0;7;1;4;0;1;3;0;3;0;1;1;1;0;5;0;0;0;1;0;0;0;1;1;1;1;0;0;0;1;0;0;0;0;0;0;0;0;0;0;1;0;0;0;0;0;0;0;0;0;0;0;0;0;0;0;0;0;0;0;0;0;0;0;0;0;0;0;0;0;0;0;0;0;0;0;0;0;0;0;0;0;0;0;0;0;0;0;0;0;0;0;0;0;0;0;0;0;0;0;0;0;0;0;0;0;0;0;0;0;0;0;0;0;0;0;0;0;0;0;0;0;0;0;0;0;0;0;0;0;0;0;0;0;0;0;0;0;0;0;0;0;0;0;0;0;0;0;0;0;0;0;0;0;0;0;0;0;0;0;0;0;0;0;0;0;0;0;0;0;0;0;0;0;0;0;0;0;0;0;0;0;0;0;0;0;0;0;0;0;0;0;0;0;0;0;0;0;0;0;0;0;0
3;0;14;0;16;38;0;85;20;30;15;43;21;84;76;712;284;30688;388;1254;114;229;144;44;50;27;39;46;27;31;42;9;16;24;13;9;19;3;13;9;4;7;4;16;8;11;9;48;9;33;3;7;2;0;1;3;2;3;3;1;2;1;1;0;1;0;0;2;1;2;2;1;1;0;1;1;1;2;0;0;0;0;0;0;0;0;0;0;0;0;0;0;1;0;1;0;0;0;0;0;0;0;1;0;0;1;0;0;0;0;0;0;0;0;0;0;0;0;0;0;0;0;0;0;0;0;0;0;0;0;0;0;0;0;0;0;0;0;0;0;0;0;0;0;0;0;0;0;0;0;0;0;0;0;0;0;0;0;0;0;0;0;0;0;0;0;0;0;0;0;0;0;0;0;0;0;0;0;0;0;0;0;0;0;0;0;0;0;0;0;0;0;0;0;0;0;0;0;0;0;0;0;0;0;0;0;0;0;0;0;0;0;0;0;0;0;0;0;0;0;0;0;0;0;0;0;0;0;0;0;0;0;0;0;0;0;0;0;0;0;0;0;0;0;0;0;0;0;0;0;0;0;0;0;0;0
2;0;17;0;20;4;0;30;30;18;15;7;24;24;64;70;265;388;1534;299;499;150;233;73;39;68;40;57;23;15;40;20;19;30;10;9;11;7;14;7;8;11;3;17;4;16;8;14;8;14;5;6;2;1;3;4;3;1;0;2;3;1;1;0;1;1;2;1;2;2;0;1;2;1;2;0;1;3;0;0;0;0;1;1;0;0;0;0;1;0;0;0;1;1;0;0;0;0;0;1;0;0;0;0;0;0;0;0;0;0;0;0;0;0;0;0;0;0;0;0;0;0;0;0;0;0;0;0;0;0;0;0;0;0;0;0;0;0;0;0;0;0;0;0;0;0;0;0;0;0;0;0;0;0;0;0;0;0;0;0;0;0;0;0;0;0;0;0;0;0;0;0;0;0;0;0;0;0;0;0;0;0;0;0;0;0;0;0;0;0;0;0;0;0;0;0;0;0;0;0;0;0;0;0;0;0;0;0;0;0;0;0;0;0;0;0;0;0;0;0;0;0;0;0;0;0;0;0;0;0;0;0;0;0;0;0;0;0;0;0;0;0;0;0;0;0;0;0;0;0;0;0;0;0;0;0
3;0;34;0;16;14;0;57;37;25;10;26;9;43;41;164;89;1254;299;5654;217;883;338;75;120;39;56;83;30;27;43;26;12;19;11;9;18;7;16;5;5;12;4;8;4;14;14;26;10;26;2;5;7;3;4;3;2;3;3;0;1;8;2;1;4;1;1;2;1;0;0;1;2;3;0;0;1;0;1;0;0;1;0;0;0;1;0;1;0;0;0;0;0;0;0;0;0;0;0;0;0;0;0;0;0;0;1;0;0;0;0;0;0;0;0;0;1;0;0;0;0;0;0;0;0;0;0;0;0;0;0;0;0;0;0;0;0;0;0;0;0;0;0;0;0;0;0;0;0;0;0;0;0;0;0;0;0;0;0;0;0;0;0;0;0;0;0;0;0;0;0;0;0;0;0;0;0;0;0;0;0;0;0;0;0;0;0;0;0;0;0;0;0;0;0;0;0;0;0;0;0;0;0;0;0;0;0;0;0;0;0;0;0;0;0;0;0;0;0;0;0;0;0;0;0;0;0;0;0;0;0;0;0;0;0;0;0;0;0;0;0;0;0;0;0;0;0;0;0;0;0;0;0;0;0;0
0;0;11;0;7;6;0;30;35;17;10;4;16;16;40;39;109;114;499;217;2094;355;955;201;72;91;49;88;40;29;46;24;16;26;14;8;25;19;21;14;6;8;3;6;5;8;3;12;14;24;5;7;3;8;3;2;2;2;1;2;2;3;4;4;6;2;1;2;2;4;1;1;0;0;1;0;0;1;0;1;1;1;1;2;0;3;0;0;0;0;1;2;0;1;1;0;0;0;0;0;1;0;0;0;1;0;1;0;0;0;0;0;0;0;0;0;0;0;0;0;0;0;0;0;0;0;0;0;0;0;0;0;0;0;0;0;0;0;0;0;0;0;0;0;0;0;0;0;0;0;0;0;0;0;0;0;0;0;0;0;0;0;0;0;0;0;0;0;0;0;0;0;0;0;0;0;0;0;0;0;0;0;0;0;0;0;0;0;0;0;0;0;0;0;0;0;0;0;0;0;0;0;0;0;0;0;0;0;0;0;0;0;0;0;0;0;0;0;0;0;0;0;0;0;0;0;0;0;0;0;0;0;0;0;0;0;0;0;0;0;0;0;0;0;0;0;0;0;0;0;0;0;0;0;0;0
0;0;34;0;10;8;0;48;42;26;8;9;17;23;26;68;50;229;150;883;355;3274;1121;160;274;98;152;170;47;49;82;28;26;33;16;14;21;15;15;6;5;20;6;14;10;7;6;23;4;28;2;19;8;11;5;2;2;3;5;0;3;2;2;1;3;3;1;2;3;4;0;2;2;1;1;1;1;0;1;0;1;0;3;1;1;0;2;1;0;0;1;0;0;0;0;1;0;0;0;0;0;0;0;0;0;0;0;0;0;0;0;0;0;0;0;0;0;1;0;0;0;0;0;0;0;0;0;0;0;0;0;0;0;0;0;0;0;0;0;0;0;0;0;0;0;0;0;0;0;0;0;0;0;0;0;0;0;0;0;0;0;0;0;0;0;0;0;0;0;0;0;0;0;0;0;0;0;0;0;0;0;0;0;0;0;0;0;0;0;0;0;0;0;0;0;0;0;0;0;0;0;0;0;0;0;0;0;0;0;0;0;0;0;0;0;0;0;0;0;0;0;0;0;0;0;0;0;0;0;0;0;0;0;0;0;0;0;0;0;0;0;0;0;0;0;0;0;0;0;0;0;0;0;0;0;0
0;0;7;0;7;15;0;53;52;19;31;24;24;44;48;77;92;144;233;338;955;1121;11348;1392;1308;401;407;432;143;122;221;71;75;101;52;28;61;29;52;21;19;32;14;27;8;21;9;15;9;12;4;30;40;31;23;11;20;4;7;7;2;5;6;2;2;7;6;6;2;4;1;6;7;7;0;1;0;3;2;2;2;4;1;0;0;0;1;1;1;2;0;1;1;2;1;1;1;0;0;0;3;0;0;0;0;0;0;0;1;0;1;0;0;0;0;1;0;1;0;0;0;0;0;0;0;0;0;0;0;0;0;0;0;0;0;0;0;0;0;0;0;0;0;0;0;0;0;0;0;0;0;0;0;0;0;0;0;0;0;0;0;0;0;0;0;0;0;0;0;0;0;0;0;0;0;0;0;0;0;0;0;0;0;0;0;0;0;0;0;0;0;0;0;0;0;0;0;0;0;0;0;0;0;0;0;0;0;0;0;0;0;0;0;0;0;0;0;0;0;0;0;0;0;0;0;0;0;0;0;0;0;0;0;0;0;0;0;0;0;0;0;0;0;0;0;0;0;0;0;0;0;0;0;0;0;0
0;0;4;0;0;1;0;11;23;14;3;7;13;14;17;12;35;44;73;75;201;160;1392;8732;822;797;242;357;152;68;145;65;45;53;23;16;35;15;26;9;11;15;2;15;5;8;9;13;4;9;1;12;13;12;12;3;13;5;5;7;2;2;5;5;4;5;0;4;0;1;0;2;4;4;1;0;2;0;1;0;3;3;1;1;0;2;0;0;3;1;0;1;0;0;0;1;1;1;1;0;1;0;0;1;0;1;0;0;0;0;0;0;0;0;0;0;0;1;0;0;0;0;0;0;0;0;0;0;0;0;0;0;0;0;0;0;0;0;0;0;0;0;0;0;0;0;0;0;0;0;0;0;0;0;0;0;0;0;0;0;0;0;0;0;0;0;0;0;0;0;0;0;0;0;0;0;0;0;0;0;0;0;0;0;0;0;0;0;0;0;0;0;0;0;0;0;0;0;0;0;0;0;0;0;0;0;0;0;0;0;0;0;0;0;0;0;0;0;0;0;0;0;0;0;0;0;0;0;0;0;0;0;0;0;0;0;0;0;0;0;0;0;0;0;0;0;0;0;0;0;0;0;0;0;0;0
0;0;0;0;1;2;0;2;10;13;10;11;11;25;11;20;18;50;39;120;72;274;1308;822;9736;560;1304;573;119;159;192;57;54;90;28;26;39;18;39;10;8;13;7;12;6;11;1;8;2;12;0;9;8;12;8;4;10;3;4;4;2;3;3;1;2;1;1;6;1;1;0;4;1;0;1;1;3;1;2;1;0;0;1;2;0;0;2;0;0;0;1;0;1;1;2;0;1;0;1;0;0;0;0;0;0;2;0;0;0;0;1;0;0;0;0;0;0;0;0;0;0;0;0;0;0;0;0;0;0;0;0;0;0;0;0;0;0;0;0;0;0;0;0;1;0;0;0;0;0;0;0;0;0;0;0;0;0;0;0;0;0;0;0;0;0;0;0;0;0;0;0;0;0;0;0;0;0;0;0;0;0;0;0;0;0;0;0;0;0;0;0;0;0;0;0;0;0;0;0;0;0;0;0;0;0;0;0;0;0;0;0;0;0;0;0;0;0;0;0;0;0;0;0;0;0;0;0;0;0;0;0;0;0;0;0;0;0;0;0;0;0;0;0;0;0;0;0;0;0;0;0;0;0;0;0;0
0;0;0;0;0;1;0;5;9;8;5;6;9;20;26;15;32;27;68;39;91;98;401;797;560;2346;501;959;294;152;266;108;68;109;40;25;54;30;41;17;11;29;5;16;6;9;5;13;5;11;4;5;5;4;5;2;8;3;12;5;1;7;4;5;3;3;1;3;1;1;1;2;5;1;2;1;2;1;1;0;3;2;0;0;0;2;1;0;1;0;0;1;1;2;0;0;1;1;0;0;0;2;0;0;0;0;0;1;0;0;0;0;0;0;0;0;0;0;0;0;0;1;0;0;0;0;0;0;0;0;0;0;0;0;0;0;0;0;0;0;0;0;0;0;0;0;0;0;0;0;0;0;0;0;0;0;0;0;0;0;0;0;0;0;0;0;0;0;0;0;0;0;0;0;0;0;0;0;0;0;0;0;0;0;0;0;0;0;0;0;0;0;0;0;0;0;0;0;0;0;0;0;0;0;0;0;0;0;0;0;0;0;0;0;0;0;0;0;0;0;0;0;0;0;0;0;0;0;0;0;0;0;0;0;0;0;0;0;0;0;0;0;0;0;0;0;0;0;0;0;0;0;0;0;0;0
0;0;0;0;0;0;0;3;2;6;11;6;16;13;18;16;15;39;40;56;49;152;407;242;1304;501;4670;1707;263;335;318;75;103;115;45;32;56;26;51;12;9;20;7;14;4;17;8;11;8;12;6;4;7;2;5;4;6;1;7;7;3;6;6;4;4;6;1;1;4;3;2;5;3;3;0;1;1;1;4;0;2;2;1;0;2;2;2;3;1;0;1;1;0;1;1;0;3;1;0;0;0;0;1;1;1;1;0;0;0;0;0;1;0;1;0;0;0;0;0;0;0;0;0;0;0;0;0;0;0;0;0;0;0;0;0;0;0;0;0;0;0;0;0;0;0;0;0;0;0;0;0;0;0;0;0;0;0;0;0;0;0;0;0;0;0;0;0;0;0;0;0;0;0;0;0;0;0;0;0;0;0;0;0;0;0;0;0;0;0;0;0;0;0;0;0;0;0;0;0;0;0;0;0;0;0;0;0;0;0;0;0;0;0;0;0;0;0;0;0;0;0;0;0;0;0;0;0;0;0;0;0;0;0;0;0;0;0;0;0;0;0;0;0;0;0;0;0;0;0;0;0;0;0;0;0;0
0;0;1;0;1;2;0;6;16;3;42;15;15;13;18;19;44;46;57;83;88;170;432;357;573;959;1707;6718;1442;1553;1286;360;303;358;129;116;155;47;117;44;48;54;30;49;28;25;12;18;10;18;6;22;15;10;7;3;4;12;12;33;8;24;22;4;9;3;4;8;5;9;3;6;7;7;1;4;4;3;5;2;2;4;0;6;1;2;0;4;3;2;1;1;3;2;0;0;3;0;2;0;1;0;1;1;1;0;0;0;0;0;1;0;0;0;0;0;0;1;1;0;0;0;0;0;0;0;1;0;0;1;0;0;2;0;0;0;0;0;0;0;0;0;0;0;0;0;0;0;0;0;0;0;0;0;0;0;0;0;0;0;0;0;0;0;0;0;0;0;0;0;0;0;0;0;0;0;0;0;0;0;0;0;0;0;0;0;0;0;0;0;0;0;0;0;0;0;0;0;0;0;0;0;0;0;0;0;0;0;0;0;0;0;0;0;0;0;0;0;0;0;0;0;0;0;0;0;0;0;0;0;0;0;0;0;0;0;0;0;0;0;0;0;0;0;0;0;0;0;0;0;0;0;0;0;0;0
0;0;0;0;0;0;0;4;6;9;8;6;6;7;10;20;19;27;23;30;40;47;143;152;119;294;263;1442;3232;652;1571;354;175;300;104;76;114;42;81;17;27;50;20;37;13;22;7;12;9;11;4;8;12;3;8;1;8;1;7;3;6;11;6;2;5;10;1;1;3;6;1;2;2;8;1;1;1;1;3;3;4;2;0;1;0;1;2;2;4;3;1;0;0;1;1;1;1;0;1;1;1;1;2;0;2;0;0;0;1;0;0;0;1;0;1;0;0;0;1;0;0;0;0;0;0;0;0;0;0;0;0;0;0;0;0;0;0;0;0;0;0;0;0;0;0;0;0;0;0;0;0;0;0;0;0;0;0;0;0;0;0;0;0;0;0;0;0;0;0;0;0;0;0;0;0;0;0;0;0;0;0;0;0;0;0;0;0;0;0;0;0;0;0;0;0;0;0;0;0;0;0;0;0;0;0;0;0;0;0;0;0;0;0;0;0;0;0;0;0;0;0;0;0;0;0;0;0;0;0;0;0;0;0;0;0;0;0;0;0;0;0;0;0;0;0;0;0;0;0;0;0;0;0;0;0;0
0;0;0;0;0;1;0;1;4;10;28;5;4;11;10;8;12;31;15;27;29;49;122;68;159;152;335;1553;652;4050;2137;361;375;371;99;118;126;31;69;39;34;42;20;32;9;21;7;10;8;7;5;10;7;4;6;1;3;4;6;9;2;10;9;5;11;13;2;5;4;6;6;2;2;4;2;2;1;3;3;2;0;0;2;0;0;0;0;0;1;1;0;1;0;0;0;2;1;0;0;1;0;0;0;0;0;0;0;0;1;0;0;0;0;0;0;0;1;1;0;0;0;0;0;0;0;0;0;0;0;0;0;0;0;0;0;0;0;0;0;0;0;0;0;0;0;0;0;0;1;0;0;0;0;0;0;0;0;0;0;0;0;0;0;0;0;0;0;0;0;0;0;0;0;0;0;0;0;0;0;0;0;0;0;0;0;0;0;0;0;0;0;0;0;0;0;0;0;0;0;0;0;0;0;0;0;0;0;0;0;0;0;0;0;0;0;0;0;0;0;0;0;0;0;0;0;0;0;0;0;0;0;0;0;0;0;0;0;0;0;0;0;0;0;0;0;0;0;0;0;0;0;0;0;0;0;0
0;0;0;0;0;1;0;2;15;8;31;29;9;15;16;24;25;42;40;43;46;82;221;145;192;266;318;1286;1571;2137;10864;2296;1933;1518;451;362;416;172;223;87;90;131;54;76;47;43;28;35;13;28;11;26;17;12;16;3;15;13;20;15;3;7;16;6;14;21;12;20;19;14;8;6;9;7;1;3;1;1;1;1;7;5;5;1;4;3;2;5;6;1;4;0;1;3;3;2;1;3;1;2;1;1;1;0;0;1;1;1;3;0;3;1;1;0;0;0;0;0;0;0;0;0;0;1;0;0;0;0;0;0;0;0;0;0;1;0;0;0;0;0;0;0;0;0;0;0;0;0;0;0;0;0;0;0;0;0;0;0;0;0;0;0;0;0;0;0;0;0;0;0;0;0;0;0;0;0;0;0;0;0;0;0;0;0;0;0;0;0;0;0;0;0;0;0;0;0;0;0;0;0;0;0;0;0;0;0;0;0;0;0;0;0;0;0;0;0;0;0;0;0;0;0;0;0;0;0;0;0;0;0;0;0;0;0;0;0;0;0;0;0;0;0;0;0;0;0;0;0;0;0;0;0;0;0;0;0
0;0;1;0;0;0;0;0;5;2;5;4;5;3;7;9;11;9;20;26;24;28;71;65;57;108;75;360;354;361;2296;4382;774;2213;565;219;374;141;165;51;52;74;25;52;22;30;14;24;13;22;4;16;7;3;10;3;2;5;8;2;1;4;5;3;5;6;3;5;3;5;6;4;1;2;1;0;3;6;3;2;1;4;4;4;0;3;3;2;1;0;5;0;1;1;1;0;0;0;0;1;1;1;0;0;1;1;0;1;1;1;1;1;0;0;0;0;0;0;1;0;0;0;0;0;0;0;0;0;0;0;0;0;0;0;1;0;0;0;0;0;0;0;0;0;0;0;0;0;0;0;0;0;0;0;0;0;0;0;0;0;0;0;0;0;0;0;0;0;0;0;0;0;0;0;0;0;0;0;0;0;0;0;0;0;0;0;0;0;0;0;0;0;0;0;0;0;0;0;0;0;0;0;0;0;0;0;0;0;0;0;0;0;0;0;0;0;0;0;0;0;0;0;0;0;0;0;0;0;0;0;0;0;0;0;0;0;0;0;0;0;0;0;0;0;0;0;0;0;0;0;0;0;0;0;0;0
0;0;0;0;0;0;0;5;11;3;8;23;7;4;3;6;7;16;19;12;16;26;75;45;54;68;103;303;175;375;1933;774;4622;2192;422;452;373;91;180;74;59;96;29;48;27;41;14;32;8;18;7;11;13;4;9;1;8;2;5;4;1;5;3;2;1;7;5;19;11;5;4;8;9;14;2;9;5;4;1;3;3;0;3;1;0;2;4;1;0;0;0;1;0;2;3;2;2;0;0;0;0;0;1;0;1;1;0;1;0;1;0;0;0;0;1;1;0;0;0;0;0;0;0;0;0;0;0;0;0;0;0;0;0;0;0;0;0;0;0;0;0;0;0;0;0;0;0;0;1;0;0;0;0;0;0;0;0;0;0;0;0;0;0;0;0;0;0;0;0;0;0;0;0;0;0;0;0;0;0;0;0;0;0;0;0;0;0;0;0;0;0;0;0;0;0;0;0;0;0;0;0;0;0;0;0;0;0;0;0;0;0;0;0;0;0;0;0;0;0;0;0;0;0;0;0;0;0;0;0;0;0;0;0;0;0;0;0;0;0;0;0;0;0;0;0;0;0;0;0;0;0;0;0;0;0;0
0;0;0;0;0;2;0;10;3;8;24;29;14;14;7;15;21;24;30;19;26;33;101;53;90;109;115;358;300;371;1518;2213;2192;11222;2884;2069;1667;410;614;239;138;246;82;106;73;82;36;81;34;53;31;58;12;15;17;12;19;1;12;14;4;14;11;9;13;7;6;11;11;12;6;13;18;6;5;38;28;11;6;2;3;1;4;4;1;7;2;3;3;3;2;0;2;5;2;3;2;2;5;2;2;3;1;0;1;1;3;3;2;0;1;2;1;0;2;1;0;0;2;1;0;0;0;0;0;0;0;0;0;0;0;0;0;0;0;0;0;0;1;0;0;0;0;0;0;1;0;0;0;0;0;0;0;0;0;0;0;0;0;0;0;0;0;0;0;0;0;0;0;0;0;0;0;0;0;0;0;0;0;0;0;0;0;0;0;0;0;0;0;0;0;0;0;0;0;0;0;0;0;0;0;0;0;0;0;0;0;0;0;0;0;0;0;0;0;0;0;0;0;0;0;0;0;0;0;0;0;0;0;0;0;0;0;0;0;0;0;0;0;0;0;0;0;0;0;0;0;0;0;0;0;0;0;0;0;0
0;0;1;0;0;9;0;0;2;3;6;12;5;4;2;3;8;13;10;11;14;16;52;23;28;40;45;129;104;99;451;565;422;2884;7512;789;2703;597;477;141;111;168;59;96;42;61;22;33;17;30;11;18;21;5;17;8;8;11;12;5;2;14;8;2;6;6;2;3;6;3;0;5;6;9;4;5;18;9;6;1;8;1;3;6;0;2;1;1;0;0;0;3;1;2;0;1;2;0;2;3;0;1;1;1;0;0;1;0;1;1;0;0;0;0;1;1;0;0;0;0;0;0;0;1;0;0;0;0;1;0;0;0;0;0;0;1;0;0;0;0;0;0;0;0;0;0;0;0;0;0;0;0;0;0;0;0;0;0;0;0;0;0;0;0;0;0;0;0;0;0;0;0;0;0;0;0;0;0;0;0;0;0;0;0;0;0;0;0;0;0;0;0;0;0;0;0;0;0;0;0;0;0;0;0;0;0;0;0;0;0;0;0;0;0;0;0;0;0;0;0;0;0;0;0;0;0;0;0;0;0;0;0;0;0;0;0;0;0;0;0;0;0;0;0;0;0;0;0;0;0;0;0;0;0;0;0
0;0;0;0;0;1;0;9;1;14;19;33;3;4;4;4;5;9;9;9;8;14;28;16;26;25;32;116;76;118;362;219;452;2069;789;3804;2308;361;758;293;124;221;96;117;33;77;25;42;23;44;11;24;10;6;11;3;10;4;8;6;4;5;6;3;5;3;4;7;4;6;1;5;3;5;1;9;23;20;14;6;13;7;2;4;2;5;2;2;4;0;1;1;1;1;2;1;1;1;0;0;1;3;1;1;0;1;1;0;0;0;1;0;1;0;0;0;0;0;2;0;0;0;0;0;0;1;1;0;0;0;0;0;0;0;0;0;0;0;0;0;0;1;0;0;0;0;0;0;0;0;0;0;0;0;0;0;0;0;0;0;0;0;0;0;0;0;0;0;0;0;0;0;0;0;0;0;0;0;0;0;0;0;0;0;0;0;0;0;0;0;0;0;0;0;0;0;0;0;0;0;0;0;0;0;0;0;0;0;0;0;0;0;0;0;0;0;0;0;0;0;0;0;0;0;0;0;0;0;0;0;0;0;0;0;0;0;0;0;0;0;0;0;0;0;0;0;0;0;0;0;0;0;0;0;0;0
0;0;0;0;0;0;0;4;1;16;10;25;17;9;4;9;13;19;11;18;25;21;61;35;39;54;56;155;114;126;416;374;373;1667;2703;2308;12832;2916;3782;1026;485;738;278;328;117;215;79;126;43;81;30;80;46;29;30;12;30;9;20;18;5;13;12;7;9;9;1;9;8;11;5;6;7;5;2;7;17;20;15;7;15;17;5;6;2;9;11;4;9;6;5;1;3;0;8;7;4;2;1;1;3;0;1;0;1;3;1;1;0;1;1;2;0;1;4;1;0;0;0;0;0;0;0;1;1;0;0;1;1;0;0;0;0;0;0;0;0;0;0;0;0;0;0;0;0;0;0;0;0;0;0;0;0;0;0;0;0;0;0;0;0;0;0;0;0;0;0;0;0;0;0;0;0;0;0;0;0;0;0;0;0;0;0;0;0;0;0;0;0;0;0;0;0;0;0;0;0;0;0;0;0;0;0;0;0;0;0;0;0;0;0;0;0;0;0;0;0;0;0;0;0;0;0;0;0;0;0;0;0;0;0;0;0;0;0;0;0;0;0;0;0;0;0;0;0;0;0;0;0;0;0;0;0;0;0;0
0;0;0;0;1;0;0;3;1;4;3;13;3;4;0;1;3;3;7;7;19;15;29;15;18;30;26;47;42;31;172;141;91;410;597;361;2916;6768;3417;650;630;495;144;222;72;109;46;77;34;53;21;52;23;19;24;8;15;7;13;6;4;10;15;6;5;6;1;5;15;2;2;6;11;8;0;6;4;11;2;6;5;5;1;2;1;4;3;4;2;1;2;0;1;0;1;2;1;2;3;3;3;0;1;0;0;1;1;1;2;0;0;2;1;0;0;0;0;2;1;1;2;1;0;0;0;0;0;0;1;0;0;0;0;0;0;0;0;1;0;0;0;0;0;0;0;0;0;0;0;0;0;0;0;0;0;0;0;0;0;0;0;0;0;0;0;0;0;0;0;0;0;0;0;0;0;0;0;0;0;0;0;0;0;0;0;0;0;0;0;0;0;0;0;0;0;0;0;0;0;0;0;0;0;0;0;0;0;0;0;0;0;0;0;0;0;0;0;0;0;0;0;0;0;0;0;0;0;0;0;0;0;0;0;0;0;0;0;0;0;0;0;0;0;0;0;0;0;0;0;0;0;0;0;0;0;0
0;0;1;0;0;1;0;3;0;8;1;11;12;16;5;8;10;13;14;16;21;15;52;26;39;41;51;117;81;69;223;165;180;614;477;758;3782;3417;19178;5093;3161;2620;653;736;228;335;122;174;74;126;41;89;69;33;49;17;38;14;39;27;10;19;22;6;17;19;4;12;10;17;8;12;18;9;2;13;7;13;7;2;10;9;5;8;5;5;7;10;10;8;5;4;3;2;6;7;7;1;4;1;4;2;1;1;0;0;2;4;1;1;4;1;1;0;1;1;2;1;0;2;0;2;0;1;0;0;1;0;0;0;1;0;1;0;0;0;0;1;0;0;0;0;0;0;0;0;0;0;0;0;0;0;0;0;0;0;0;0;0;0;0;0;0;0;0;0;0;0;0;0;0;0;0;0;0;0;0;0;0;0;0;0;0;0;0;0;0;0;0;0;0;0;0;0;0;0;0;0;0;0;0;0;0;0;0;0;0;0;0;0;0;0;0;0;0;0;0;0;0;0;0;0;0;0;0;0;0;0;0;0;0;0;0;0;0;0;0;0;0;0;0;0;0;0;0;0;0;0;0;0;0;0;0;0;0;0
0;0;0;0;0;0;0;0;0;2;0;2;1;0;3;5;1;9;7;5;14;6;21;9;10;17;12;44;17;39;87;51;74;239;141;293;1026;650;5093;15132;1239;6123;1391;741;173;260;85;134;49;80;24;47;48;14;32;14;19;8;13;15;5;10;16;4;11;7;5;1;5;4;0;3;6;10;4;9;0;3;6;1;4;10;2;1;0;3;2;3;2;2;1;0;0;3;1;2;1;2;2;1;3;0;4;0;0;0;1;0;0;0;2;2;1;0;0;0;1;0;0;0;1;0;0;0;0;0;0;0;0;0;0;0;0;0;0;0;0;0;0;0;0;0;0;0;0;0;0;0;0;0;0;0;0;0;0;0;0;0;0;0;0;0;0;0;0;0;0;0;0;0;0;0;0;0;0;0;0;0;0;0;0;0;0;0;0;0;0;0;0;0;0;0;0;0;0;0;0;0;0;0;0;0;0;0;0;0;0;0;0;0;0;0;0;0;0;0;0;0;0;0;0;0;0;0;0;0;0;0;0;0;0;0;0;0;0;0;0;0;0;0;0;0;0;0;0;0;0;0;0;0;0;0;0;0;0;0
0;0;0;0;0;0;0;0;0;1;0;0;5;6;3;4;2;4;8;5;6;5;19;11;8;11;9;48;27;34;90;52;59;138;111;124;485;630;3161;1239;10046;4930;841;1123;317;348;95;150;67;101;30;70;39;21;35;16;28;15;10;21;5;21;18;9;6;12;7;7;5;4;3;2;8;5;2;4;4;3;7;2;7;4;5;4;1;6;3;3;3;5;0;1;0;2;4;3;2;1;1;2;0;3;2;0;1;0;2;1;0;1;0;0;0;2;1;0;1;1;0;0;0;0;0;0;0;0;0;1;0;1;0;0;0;0;0;0;0;0;0;0;0;0;0;0;1;0;0;0;0;0;0;0;0;0;0;0;0;0;0;0;0;0;0;0;0;0;0;0;0;0;0;0;0;0;0;0;0;0;0;0;0;0;0;0;0;0;0;0;0;0;0;0;0;0;0;0;0;0;0;0;0;0;0;0;0;0;0;0;0;0;0;0;0;0;0;0;0;0;0;0;0;0;0;0;0;0;0;0;0;0;0;0;0;0;0;0;0;0;0;0;0;0;0;0;0;0;0;0;0;0;0;0;0;0;0;0
0;0;0;0;0;0;0;0;0;3;5;7;6;5;4;4;3;7;11;12;8;20;32;15;13;29;20;54;50;42;131;74;96;246;168;221;738;495;2620;6123;4930;40488;9244;7130;1380;1275;338;398;147;241;83;123;103;64;82;34;63;40;43;41;19;32;34;10;20;13;13;12;21;14;2;17;10;11;2;4;15;10;7;4;9;6;6;10;1;10;7;7;8;6;3;6;1;5;8;6;5;3;5;0;4;3;3;2;0;2;4;4;0;2;3;0;0;1;1;2;2;2;0;0;1;0;2;0;0;0;0;0;0;1;0;1;0;0;0;0;0;0;0;0;0;0;0;0;0;0;0;0;0;0;0;0;0;0;0;0;0;0;0;0;1;0;0;0;0;0;0;0;0;0;0;0;0;0;0;0;0;0;0;0;0;0;0;0;0;0;0;0;0;0;0;0;0;0;0;0;0;0;0;0;0;0;0;0;0;0;0;0;0;0;0;0;0;0;0;0;0;0;0;0;0;0;0;0;0;0;0;0;0;0;0;0;0;0;0;0;0;0;0;0;0;0;0;0;0;0;0;0;0;0;0;0;0;0;0;0
0;0;0;0;0;0;0;1;0;0;1;2;0;1;1;2;1;4;3;4;3;6;14;2;7;5;7;30;20;20;54;25;29;82;59;96;278;144;653;1391;841;9244;29864;9465;1013;2032;417;380;100;140;59;85;71;40;45;24;37;10;32;23;12;17;21;4;12;13;4;10;11;12;7;4;4;5;3;9;5;9;2;1;5;2;3;5;2;3;5;1;6;2;1;2;0;1;4;1;1;2;2;1;4;2;1;0;1;0;1;1;1;2;0;0;0;1;2;0;1;0;0;0;0;1;1;0;0;1;0;0;1;0;0;0;0;0;0;0;0;0;0;0;1;0;0;0;0;0;0;0;0;0;0;0;0;0;0;0;0;0;0;0;0;0;0;0;0;0;0;0;0;0;0;0;0;0;0;0;0;0;0;0;0;0;0;0;0;0;0;0;0;0;0;0;0;0;0;0;0;0;0;0;0;0;0;0;0;0;0;0;0;0;0;0;0;0;0;0;0;0;0;0;0;0;0;0;0;0;0;0;0;0;0;0;0;0;0;0;0;0;0;0;0;0;0;0;0;0;0;0;0;0;0;0;0;0;0;0
0;0;0;0;0;0;0;2;1;2;0;5;2;1;4;5;7;16;17;8;6;14;27;15;12;16;14;49;37;32;76;52;48;106;96;117;328;222;736;741;1123;7130;9465;43462;7394;10841;1770;1492;351;481;184;210;184;59;114;44;85;47;65;42;23;47;41;15;26;21;8;12;16;27;9;20;15;7;6;22;10;11;5;4;15;8;9;10;4;7;7;5;5;0;3;2;0;8;8;7;6;2;1;4;5;3;4;7;3;3;2;0;3;0;2;3;0;0;0;0;1;2;1;3;3;1;1;1;1;0;2;0;2;0;0;0;0;1;0;0;0;0;1;1;0;0;0;0;0;0;0;0;0;0;0;0;0;0;0;0;0;0;0;0;0;0;0;0;0;0;0;0;0;0;0;0;0;0;0;0;0;0;0;0;0;0;0;0;0;0;0;0;0;0;0;0;0;0;0;0;0;0;0;0;0;0;0;0;0;0;0;0;0;0;0;0;0;0;0;0;0;0;0;0;0;0;0;0;0;0;0;0;0;0;0;0;0;0;0;0;0;0;0;0;0;0;0;0;0;0;0;0;0;0;0;0;0;0;0;0
0;0;0;0;0;0;0;1;0;0;1;2;0;2;3;2;1;8;4;4;5;10;8;5;6;6;4;28;13;9;47;22;27;73;42;33;117;72;228;173;317;1380;1013;7394;16652;8826;1018;2039;509;439;93;174;111;38;73;39;67;27;49;32;17;36;30;8;19;24;10;12;2;19;2;17;9;9;3;6;6;6;8;0;7;6;4;3;6;5;5;3;7;7;2;2;1;4;3;1;0;1;4;2;4;1;2;1;3;3;3;2;2;1;4;2;2;2;1;1;1;3;0;0;0;1;1;1;0;0;1;0;0;0;1;0;0;1;0;0;0;0;0;1;0;0;0;0;0;0;0;0;0;0;0;0;0;0;0;0;0;0;0;0;0;0;0;0;0;0;0;0;0;0;0;0;0;0;0;0;0;0;0;0;0;0;0;0;0;0;0;0;0;0;0;0;0;0;0;0;0;0;0;0;0;0;0;0;0;0;0;0;0;0;0;0;0;0;0;0;0;0;0;0;0;0;0;0;0;0;0;0;0;0;0;0;0;0;0;0;0;0;0;0;0;0;0;0;0;0;0;0;0;0;0;0;0;0;0;0
0;0;0;0;0;0;0;1;0;1;1;1;4;2;3;11;8;11;16;14;8;7;21;8;11;9;17;25;22;21;43;30;41;82;61;77;215;109;335;260;348;1275;2032;10841;8826;46590;8420;12101;2371;1654;340;505;310;97;169;89;124;52;94;90;44;61;47;29;38;29;15;32;24;25;11;15;23;10;7;24;12;15;8;3;12;9;6;10;2;13;5;9;9;9;4;5;6;3;4;7;3;7;2;3;3;3;3;3;4;5;2;4;3;2;2;0;1;2;2;0;1;2;2;3;1;1;1;0;0;3;1;1;1;1;1;1;0;0;0;0;1;1;0;0;0;1;1;0;0;1;0;0;0;0;0;0;0;0;0;0;0;0;0;0;0;0;0;0;0;0;0;0;0;0;0;0;0;0;0;0;0;0;0;0;0;0;0;0;0;0;0;0;0;0;0;0;0;0;0;0;0;0;0;0;0;0;0;0;0;0;0;0;0;0;0;0;0;0;0;0;0;0;0;0;0;0;0;0;0;0;0;0;0;0;0;0;0;0;0;0;0;0;0;0;0;0;0;0;0;0;0;0;0;0;0;0;0;0;0;0
0;0;0;0;0;0;0;0;0;0;0;1;0;0;0;2;6;9;8;14;3;6;9;9;1;5;8;12;7;7;28;14;14;36;22;25;79;46;122;85;95;338;417;1770;1018;8420;14672;7429;1012;1663;423;399;196;63;124;46;79;26;45;51;25;42;25;19;33;22;8;14;14;12;3;9;7;8;2;10;4;11;6;2;5;7;4;4;3;5;3;6;1;3;4;5;1;1;3;0;6;3;2;3;1;3;0;0;1;0;2;1;1;1;1;0;4;2;0;2;0;0;1;1;0;0;0;0;3;0;1;0;1;0;0;0;0;0;0;0;0;0;0;0;0;1;0;0;0;0;0;0;0;0;0;0;0;0;0;0;0;0;0;0;0;0;0;0;0;0;0;0;0;0;0;0;0;0;0;0;0;0;0;0;0;0;0;0;0;0;0;0;0;0;0;0;0;0;0;0;0;0;0;0;0;0;0;0;0;0;0;0;0;0;0;0;0;0;0;0;0;0;0;0;0;0;0;0;0;0;0;0;0;0;0;0;0;0;0;0;0;0;0;0;0;0;0;0;0;0;0;0;0;0;0;0;0;0;0;0
0;0;0;0;0;1;0;0;2;1;1;2;0;1;3;6;13;48;14;26;12;23;15;13;8;13;11;18;12;10;35;24;32;81;33;42;126;77;174;134;150;398;380;1492;2039;12101;7429;44258;10973;8713;1707;1598;709;222;312;104;198;94;153;118;69;80;77;47;71;69;24;31;29;22;13;25;33;26;8;16;22;12;10;10;16;5;11;10;5;10;9;7;9;5;12;6;3;2;5;2;7;4;7;2;1;5;4;5;6;3;2;2;3;1;6;2;4;2;3;0;2;2;2;0;0;2;2;0;3;0;2;3;2;0;2;2;0;2;1;0;0;0;0;1;0;1;0;0;0;0;0;0;0;0;0;1;0;0;1;0;0;0;0;0;0;0;1;0;0;0;0;0;0;0;0;0;0;0;0;0;0;0;0;0;0;0;0;0;0;0;0;0;0;0;0;0;0;0;0;0;0;0;0;0;0;0;0;0;0;0;0;0;0;0;0;0;0;0;0;0;0;0;0;0;0;0;0;0;0;0;0;0;0;0;0;0;0;0;0;0;0;0;0;0;0;0;0;0;0;0;0;0;0;0;0;0;0;0;0;0
0;0;1;0;0;0;0;0;0;0;0;1;0;1;2;2;5;9;8;10;14;4;9;4;2;5;8;10;9;8;13;13;8;34;17;23;43;34;74;49;67;147;100;351;509;2371;1012;10973;21918;9265;999;2136;675;191;238;63;125;50;82;70;37;46;33;15;27;30;12;33;29;22;8;19;8;16;5;11;8;6;5;5;4;4;3;3;1;6;7;5;4;5;5;3;1;8;2;5;1;0;1;2;3;1;3;4;2;2;2;5;2;0;1;1;0;1;0;1;1;0;2;0;0;0;3;2;0;0;0;0;0;0;1;0;1;0;0;0;0;1;0;0;0;0;0;0;1;0;0;0;0;0;0;0;0;0;0;0;0;0;0;0;0;0;0;0;0;0;0;0;0;0;0;0;0;0;0;0;0;0;0;0;0;0;0;0;0;0;0;0;0;0;0;0;0;0;0;0;0;0;0;0;0;0;0;0;0;0;0;0;0;0;0;0;0;0;0;0;0;0;0;0;0;0;0;0;0;0;0;0;0;0;0;0;0;0;0;0;0;0;0;0;0;0;0;0;0;0;0;0;0;0;0;0;0;0;0;0
0;0;2;0;0;2;0;2;3;2;2;2;1;3;3;4;5;33;14;26;24;28;12;9;12;11;12;18;11;7;28;22;18;53;30;44;81;53;126;80;101;241;140;481;439;1654;1663;8713;9265;31778;6611;8715;2604;678;786;255;363;123;222;144;77;112;112;51;77;66;33;43;38;36;24;31;28;26;11;23;13;29;18;4;16;7;8;6;4;8;4;18;7;15;6;7;5;17;5;7;5;7;5;6;1;9;3;7;7;4;5;6;4;1;5;3;1;1;4;3;1;2;1;2;4;2;2;2;1;1;0;0;2;0;2;1;1;0;0;0;0;0;0;0;0;0;0;0;0;0;0;0;1;0;0;0;0;0;0;0;0;0;0;0;0;0;0;0;0;0;0;0;0;0;0;0;0;0;0;0;0;0;0;0;0;0;0;0;0;0;0;0;0;0;0;0;0;0;0;0;0;0;0;0;0;0;0;0;0;0;0;0;0;0;0;0;0;0;0;0;0;0;0;0;0;0;0;0;0;0;0;0;0;0;0;0;0;0;0;0;0;0;0;0;0;0;0;0;0;0;0;0;0;0;0;0;0;0;0;0
0;0;0;0;0;0;0;2;0;1;0;2;0;1;0;2;0;3;5;2;5;2;4;1;0;4;6;6;4;5;11;4;7;31;11;11;30;21;41;24;30;83;59;184;93;340;423;1707;999;6611;11466;5808;1843;363;696;223;226;55;130;110;43;55;55;22;36;45;22;31;25;13;11;23;19;18;4;12;10;8;5;5;10;2;2;4;3;5;2;3;1;5;4;5;1;2;6;2;3;6;2;2;5;1;3;2;3;0;2;2;2;1;0;1;1;0;0;2;2;4;1;1;0;0;0;1;0;2;0;0;1;0;0;1;0;0;0;0;0;0;0;0;0;0;0;0;0;0;0;0;0;0;0;1;0;0;0;0;0;0;0;0;0;0;0;0;0;0;0;0;0;0;0;0;0;0;0;0;0;0;0;0;0;0;0;0;0;0;0;0;0;0;0;0;0;0;0;0;0;0;0;0;0;0;0;0;0;0;0;0;0;0;0;0;0;0;0;0;0;0;0;0;0;0;0;0;0;0;0;0;0;0;0;0;0;0;0;0;0;0;0;0;0;0;0;0;0;0;0;0;0;0;0;0;0;0;0;0
0;0;0;0;0;1;0;0;0;2;1;1;0;2;0;2;2;7;6;5;7;19;30;12;9;5;4;22;8;10;26;16;11;58;18;24;80;52;89;47;70;123;85;210;174;505;399;1598;2136;8715;5808;29214;11035;1846;2322;691;789;242;356;248;111;153;144;47;117;77;35;83;69;53;24;43;45;29;9;29;28;20;16;11;18;22;11;11;6;9;12;6;9;7;12;8;3;9;6;10;7;9;5;4;5;4;9;6;7;3;8;1;4;4;3;5;4;3;1;3;3;4;4;3;3;2;3;2;1;1;5;1;1;1;1;1;0;1;1;1;0;0;1;0;0;0;0;1;0;0;0;1;0;0;0;0;0;1;0;0;0;1;0;0;0;0;0;0;0;0;0;0;0;0;1;0;0;0;0;0;0;0;0;0;0;0;0;0;0;0;0;0;0;0;0;0;0;0;0;0;0;0;0;0;0;0;0;0;0;0;0;0;0;0;0;0;0;0;0;0;0;0;0;0;0;0;0;0;0;0;0;0;0;0;0;0;0;0;0;0;0;0;0;0;0;0;0;0;0;0;0;0;0;0;0;0;0;0;0;0
0;0;0;0;0;0;0;1;0;0;2;2;1;2;2;1;1;2;2;7;3;8;40;13;8;5;7;15;12;7;17;7;13;12;21;10;46;23;69;48;39;103;71;184;111;310;196;709;675;2604;1843;11035;26438;4860;5942;1359;1370;387;601;393;158;228;230;68;118;107;39;79;60;56;28;56;34;34;13;36;15;19;19;15;20;17;14;11;8;15;9;11;9;9;11;6;3;10;11;6;9;2;6;9;6;7;3;1;4;3;2;3;4;1;2;4;4;2;2;3;3;2;1;3;2;1;1;3;3;0;1;1;0;0;1;0;1;1;1;0;0;0;1;0;1;0;0;0;0;0;0;0;1;0;0;0;1;0;0;0;1;0;0;0;0;0;0;0;0;0;0;0;0;0;0;0;0;0;0;0;0;0;0;0;0;0;0;0;0;0;0;0;0;0;0;0;0;0;0;0;0;0;0;0;0;0;0;0;0;0;0;0;0;0;0;0;0;0;0;0;0;0;0;0;0;0;0;0;0;0;0;0;0;0;0;0;0;0;0;0;0;0;0;0;0;0;0;0;0;0;0;0;0;0;0;0;0;0;0;0
0;0;0;0;0;1;0;0;0;0;0;2;0;3;0;1;0;0;1;3;8;11;31;12;12;4;2;10;3;4;12;3;4;15;5;6;29;19;33;14;21;64;40;59;38;97;63;222;191;678;363;1846;4860;9924;4653;594;1241;434;435;262;88;151;117;49;64;72;19;51;43;52;24;45;20;26;9;19;11;16;7;3;16;9;11;6;6;12;2;4;10;9;13;9;2;3;6;1;1;2;2;4;0;0;0;1;3;2;1;1;3;0;2;1;0;4;2;2;1;1;0;1;1;1;0;4;3;0;1;2;1;2;1;1;1;0;0;0;1;0;2;1;0;0;0;0;0;1;0;0;0;0;0;0;0;0;0;0;0;0;1;0;0;0;0;0;0;0;0;0;0;0;0;0;0;0;0;0;0;0;0;0;0;0;0;0;0;0;0;0;0;0;0;0;0;0;0;0;0;0;0;0;0;0;0;0;0;0;0;0;0;0;0;0;0;0;0;0;0;0;0;0;0;0;0;0;0;0;0;0;0;0;0;0;0;0;0;0;0;0;0;0;0;0;0;0;0;0;0;0;0;0;0;0;0;0;0;0
0;0;0;0;0;1;0;1;0;1;1;0;2;0;2;2;7;1;3;4;3;5;23;12;8;5;5;7;8;6;16;10;9;17;17;11;30;24;49;32;35;82;45;114;73;169;124;312;238;786;696;2322;5942;4653;20370;4024;4798;1296;1358;871;269;422;272;127;175;158;48;121;94;88;40;59;75;54;28;31;24;17;19;22;22;14;29;12;4;16;19;13;14;14;15;11;6;4;9;3;9;7;8;7;5;2;6;1;5;1;4;4;4;0;3;4;1;5;4;2;2;6;3;3;1;2;2;1;4;2;2;1;3;1;0;2;1;2;0;2;2;2;1;0;0;0;1;0;0;0;0;1;1;0;0;0;0;0;0;0;0;0;0;0;0;0;0;1;0;0;0;0;0;0;0;0;0;0;0;0;0;0;0;0;0;0;0;0;0;0;0;0;0;0;0;0;0;0;0;0;0;0;0;0;0;0;0;0;0;0;0;0;0;0;0;0;0;0;0;0;0;0;0;0;0;0;0;0;0;0;0;0;0;0;0;0;0;0;0;0;0;0;0;0;0;0;0;0;0;0;0;0;0;0;0;0;0;0;0;0
0;0;0;0;0;0;0;0;0;0;0;0;0;0;0;0;1;3;4;3;2;2;11;3;4;2;4;3;1;1;3;3;1;12;8;3;12;8;17;14;16;34;24;44;39;89;46;104;63;255;223;691;1359;594;4024;8190;3319;496;1162;604;240;267;178;48;89;84;41;66;58;50;23;48;25;30;13;20;18;8;9;3;5;13;13;10;7;11;6;7;7;13;9;3;2;7;2;5;2;3;2;1;1;2;1;4;1;1;3;1;1;0;4;4;1;2;5;2;2;1;0;1;0;3;1;1;2;0;0;1;2;0;0;1;2;0;0;0;0;0;0;1;0;0;0;0;0;0;0;1;0;0;0;0;0;0;0;0;0;0;0;0;0;0;0;0;0;0;0;0;0;0;0;0;0;0;0;0;0;0;0;0;0;0;0;0;0;0;0;0;0;0;0;0;0;0;0;0;0;0;0;0;0;0;0;0;0;0;0;0;0;0;0;0;0;0;0;0;0;0;0;0;0;0;0;0;0;0;0;0;0;0;0;0;0;0;0;0;0;0;0;0;0;0;0;0;0;0;0;0;0;0;0;0;0;0;0;0
0;0;0;0;0;0;0;0;0;3;1;1;0;2;1;2;4;2;3;2;2;2;20;13;10;8;6;4;8;3;15;2;8;19;8;10;30;15;38;19;28;63;37;85;67;124;79;198;125;363;226;789;1370;1241;4798;3319;13442;3108;4582;1861;678;863;551;228;341;217;94;161;132;122;56;94;83;61;29;45;49;42;39;13;30;33;25;20;14;9;19;18;21;12;13;10;5;14;5;9;6;9;9;4;5;6;6;8;6;4;3;5;5;1;5;1;3;4;2;1;5;4;2;4;2;3;3;3;5;1;0;2;3;0;2;3;3;1;0;3;0;0;0;0;0;0;2;1;0;0;1;1;0;0;0;1;1;0;0;0;0;0;0;0;0;0;1;0;0;0;0;0;0;0;0;0;0;0;0;0;0;0;0;1;0;0;0;0;0;0;0;0;0;0;0;0;0;0;0;0;0;0;0;0;0;0;0;0;0;0;0;0;0;0;0;0;0;0;0;0;0;0;0;0;0;0;0;0;0;0;0;0;0;0;0;0;0;0;0;0;0;0;0;0;0;0;0;0;0;0;0;0;0;0;0;0;0;0;0;0
0;0;0;0;0;0;0;0;1;1;0;1;2;1;1;1;0;3;1;3;2;3;4;5;3;3;1;12;1;4;13;5;2;1;11;4;9;7;14;8;15;40;10;47;27;52;26;94;50;123;55;242;387;434;1296;496;3108;4980;3272;1546;283;641;430;170;195;130;60;88;74;52;40;50;44;48;9;31;29;16;19;8;17;18;13;16;10;13;11;10;6;7;10;3;2;12;2;9;6;5;5;4;5;3;5;2;2;6;5;3;1;0;3;0;3;3;1;0;1;2;0;0;3;0;0;4;6;1;1;0;0;1;0;4;2;1;2;2;0;0;0;1;0;1;0;0;0;0;0;0;0;0;0;0;0;0;1;0;0;1;0;0;0;0;0;0;0;0;0;0;0;0;0;0;0;0;0;0;0;0;0;0;0;0;0;0;0;1;0;0;0;0;0;0;0;0;0;0;0;0;0;0;0;0;0;0;0;0;0;0;0;0;0;0;0;0;0;0;0;0;0;0;0;0;0;0;0;0;0;0;0;0;0;0;0;0;0;0;0;0;0;0;0;0;0;0;0;0;0;0;0;0;0;0;0;0;0;0
0;0;0;0;0;0;0;0;0;1;5;1;1;1;0;2;1;3;0;3;1;5;7;5;4;12;7;12;7;6;20;8;5;12;12;8;20;13;39;13;10;43;32;65;49;94;45;153;82;222;130;356;601;435;1358;1162;4582;3272;13218;5799;1340;1957;1150;434;557;417;155;243;214;171;57;143;113;91;36;70;52;50;38;16;27;28;26;29;12;22;27;26;19;11;17;11;7;11;10;14;7;3;3;11;1;13;7;7;10;4;6;4;3;2;3;4;7;2;3;4;6;1;3;1;2;2;2;0;3;2;3;3;1;0;0;2;2;1;2;0;1;1;5;2;0;2;0;2;1;0;1;0;2;0;0;0;0;0;0;0;0;1;0;0;0;0;0;0;1;1;0;0;0;0;0;0;0;1;0;1;0;0;0;0;0;0;0;0;0;0;0;0;0;0;0;0;0;0;0;0;0;0;0;0;0;0;0;0;0;0;0;0;0;0;0;0;0;0;0;0;0;0;0;0;0;0;0;0;0;0;0;0;0;0;0;0;0;0;0;0;0;0;0;0;0;0;0;0;0;0;0;0;0;0;0;0;0;0;0;0
0;0;0;0;0;0;0;0;0;0;0;1;0;0;0;4;3;1;2;0;2;0;7;7;4;5;7;33;3;9;15;2;4;14;5;6;18;6;27;15;21;41;23;42;32;90;51;118;70;144;110;248;393;262;871;604;1861;1546;5799;11352;3015;4365;2096;668;905;648;219;381;252;195;95;125;97;88;31;93;76;59;49;16;39;43;28;19;9;28;21;29;22;22;20;16;0;11;6;11;13;6;9;4;5;6;8;9;2;6;3;3;2;6;1;4;2;4;3;4;3;1;3;1;4;3;3;1;3;1;0;1;3;0;2;1;0;0;0;1;4;0;4;0;0;0;2;0;1;2;0;0;0;1;0;0;0;0;0;0;0;1;1;0;1;0;0;0;0;0;0;0;0;0;0;0;0;0;0;0;0;0;0;0;0;0;0;0;0;0;0;0;0;0;0;0;0;0;0;0;0;0;0;0;0;0;0;0;0;0;0;0;0;0;0;0;0;0;0;0;0;0;0;0;0;0;0;0;0;0;0;0;0;0;0;0;0;0;0;0;0;0;0;0;0;0;0;0;0;0;0;0;0;0;0;0;0;0;0;0
0;0;0;0;0;0;0;0;0;3;0;1;0;0;0;0;0;2;3;1;2;3;2;2;2;1;3;8;6;2;3;1;1;4;2;4;5;4;10;5;5;19;12;23;17;44;25;69;37;77;43;111;158;88;269;240;678;283;1340;3015;5634;3336;1473;294;673;441;168;207;159;135;44;102;80;60;22;54;49;37;27;20;23;25;11;12;3;15;13;11;5;11;9;8;1;7;4;7;3;5;3;5;2;0;5;4;2;2;3;2;3;1;2;3;0;3;2;0;1;3;3;0;0;6;0;0;2;0;2;1;0;0;0;2;2;1;2;0;0;0;0;0;0;1;1;0;0;0;0;1;0;1;0;0;0;1;0;0;0;1;1;0;0;0;0;0;0;0;0;0;0;0;0;0;0;0;0;0;0;0;0;0;0;0;0;0;0;0;0;0;0;0;0;0;0;0;0;0;0;0;0;0;0;0;0;0;0;0;0;0;0;0;0;0;0;0;0;0;0;0;0;0;0;0;0;0;0;0;0;0;0;0;0;0;0;0;0;0;0;0;0;0;0;0;0;0;0;0;0;0;0;0;0;0;0;0;0;0
0;0;1;0;0;0;0;0;0;2;4;1;0;0;0;1;3;1;1;8;3;2;5;2;3;7;6;24;11;10;7;4;5;14;14;5;13;10;19;10;21;32;17;47;36;61;42;80;46;112;55;153;228;151;422;267;863;641;1957;4365;3336;13742;6935;1403;2324;1271;482;638;468;322;133;199;190;123;49;96;88;76;71;27;66;56;47;35;12;35;25;32;23;38;28;21;6;18;14;6;15;10;7;5;14;7;5;5;6;5;5;8;5;5;7;3;0;2;3;7;7;8;4;2;2;2;5;0;2;5;3;1;3;1;4;2;3;2;3;2;2;1;4;0;2;0;0;1;0;1;0;0;2;0;0;0;0;0;0;0;1;0;0;1;0;0;1;0;1;0;0;0;0;0;0;0;0;0;0;0;0;0;0;0;0;0;0;0;0;0;0;0;0;0;0;0;0;0;0;0;0;0;0;0;0;0;0;0;0;0;0;0;0;0;0;0;0;0;0;0;0;0;0;0;0;0;0;0;0;0;0;0;0;0;0;0;0;0;0;0;0;0;0;0;0;0;0;0;0;0;0;0;0;0;0;0;0;0;0;0
0;0;0;0;0;0;0;0;1;1;3;2;0;0;0;1;0;1;1;2;4;2;6;5;3;4;6;22;6;9;16;5;3;11;8;6;12;15;22;16;18;34;21;41;30;47;25;77;33;112;55;144;230;117;272;178;551;430;1150;2096;1473;6935;15190;3389;5802;2556;764;1048;682;459;150;275;211;197;72;104;115;79;77;34;67;55;60;43;23;34;34;39;30;28;30;24;14;21;12;12;9;10;5;5;7;8;14;6;7;6;3;5;6;4;4;11;11;3;7;6;3;5;5;1;3;4;10;4;4;2;2;5;2;2;6;4;1;2;0;1;0;1;2;0;1;2;3;1;0;1;1;0;1;1;2;0;0;1;0;1;1;1;1;0;1;0;0;0;0;0;0;0;0;0;0;0;0;0;0;0;0;0;0;0;0;0;0;0;0;0;0;0;0;0;0;0;0;0;0;0;0;0;0;0;0;0;0;0;0;0;0;0;0;0;0;0;0;0;0;0;0;0;0;0;0;0;0;0;0;0;0;0;0;0;0;0;0;0;0;0;0;0;0;0;0;0;0;0;0;0;0;0;0;0;0;0;0;0;0;0
0;0;0;0;0;0;0;0;0;1;0;0;0;0;1;2;1;0;0;1;4;1;2;5;1;5;4;4;2;5;6;3;2;9;2;3;7;6;6;4;9;10;4;15;8;29;19;47;15;51;22;47;68;49;127;48;228;170;434;668;294;1403;3389;5186;3383;1606;346;799;466;303;121;158;149;114;36;85;61;65;47;21;38;32;22;27;10;21;25;20;24;24;16;23;11;8;12;6;6;9;7;3;5;4;3;7;2;3;2;2;6;3;3;5;2;1;5;1;0;2;3;1;1;3;0;3;4;2;1;0;3;2;0;0;1;2;1;0;2;0;2;1;0;1;2;1;1;0;0;0;0;0;0;0;0;0;0;0;0;0;1;0;1;0;0;0;1;0;0;0;0;0;0;0;0;0;0;0;0;0;0;0;0;0;0;0;0;0;0;0;0;0;0;0;0;0;0;0;0;0;0;0;0;0;0;0;0;0;0;0;0;0;0;0;0;0;0;0;0;0;0;0;0;0;0;0;0;0;0;0;0;0;0;0;0;0;0;0;0;0;0;0;0;0;0;0;0;0;0;0;0;0;0;0;0;0;0;0
0;0;0;0;0;0;0;0;0;3;2;0;3;0;0;0;1;1;1;4;6;3;2;4;2;3;4;9;5;11;14;5;1;13;6;5;9;5;17;11;6;20;12;26;19;38;33;71;27;77;36;117;118;64;175;89;341;195;557;905;673;2324;5802;3383;17672;8461;1899;2484;1362;810;316;456;390;273;107;204;144;121;127;41;84;85;62;60;28;39;34;27;30;29;27;26;17;27;19;21;15;10;9;6;6;9;9;8;8;5;4;7;6;4;4;7;5;2;4;2;3;4;7;5;1;4;4;2;3;2;2;2;2;0;2;1;0;2;3;0;1;3;0;1;2;2;0;0;2;0;1;1;3;1;1;0;1;2;1;2;0;0;0;0;0;0;1;0;0;0;0;0;0;0;0;0;0;0;0;0;0;0;0;0;0;0;1;0;0;0;0;0;0;0;0;0;0;0;0;0;0;0;0;0;0;0;0;0;0;0;0;0;0;0;0;0;0;0;0;0;0;0;0;0;0;0;0;0;0;0;0;0;0;0;0;0;0;0;0;0;0;0;0;0;0;0;0;0;0;0;0;0;0;0;0;0;0;0;0;0
0;0;0;0;0;0;0;0;0;1;2;0;1;1;0;1;1;0;1;1;2;3;7;5;1;3;6;3;10;13;21;6;7;7;6;3;9;6;19;7;12;13;13;21;24;29;22;69;30;66;45;77;107;72;158;84;217;130;417;648;441;1271;2556;1606;8461;19180;4538;6465;2686;1457;507;754;528;358;119;253;216;152;111;48;88;90;60;63;27;42;48;47;41;30;24;38;11;38;25;34;23;16;10;22;13;13;14;11;9;9;11;4;6;8;6;7;5;6;3;7;1;2;4;7;3;5;3;5;3;2;1;4;8;3;1;2;4;4;2;1;0;1;0;1;1;1;0;0;0;1;1;2;3;3;0;0;1;1;1;2;0;1;0;0;1;0;0;0;0;2;1;0;0;0;0;0;0;0;0;0;0;0;0;0;0;0;0;0;0;0;0;0;0;0;0;0;0;0;0;0;0;0;0;0;0;0;0;0;0;0;0;0;0;0;0;0;0;0;0;0;0;0;0;0;0;0;0;0;0;0;0;0;0;0;0;0;0;0;0;0;0;0;0;0;0;0;0;0;0;0;0;0;0;0;0;0;0;0;0;0
0;0;0;0;0;0;0;0;0;0;0;0;1;2;0;0;0;0;2;1;1;1;6;0;1;1;1;4;1;2;12;3;5;6;2;4;1;1;4;5;7;13;4;8;10;15;8;24;12;33;22;35;39;19;48;41;94;60;155;219;168;482;764;346;1899;4538;7838;4659;2050;985;274;578;346;231;94;140;117;83;74;22;55;36;45;41;23;33;18;12;12;22;20;8;6;10;13;13;6;7;7;12;5;4;5;4;6;9;6;3;3;5;2;5;2;2;2;1;3;2;2;3;1;4;1;1;1;1;0;2;0;0;1;1;2;1;3;0;1;1;0;1;4;2;1;2;1;0;1;0;1;0;0;0;1;2;0;0;1;0;0;0;0;0;0;1;0;0;0;0;0;0;0;0;0;0;0;0;0;0;0;1;0;0;0;0;0;0;0;0;0;0;0;0;0;0;0;0;0;0;0;0;0;0;0;0;0;0;0;0;0;0;0;0;0;0;0;0;0;0;0;0;0;0;0;0;0;0;0;0;0;0;0;0;0;0;0;0;0;0;0;0;0;0;0;0;0;0;0;0;0;0;0;0;0;0;0;0
0;0;0;0;0;1;0;0;0;2;1;1;0;0;0;0;5;2;1;2;2;2;6;4;6;3;1;8;1;5;20;5;19;11;3;7;9;5;12;1;7;12;10;12;12;32;14;31;33;43;31;83;79;51;121;66;161;88;243;381;207;638;1048;799;2484;6465;4659;20854;9757;3691;1011;1571;998;627;217;375;265;228;182;62;120;107;96;93;33;60;45;38;40;28;42;31;12;35;41;15;17;16;32;18;13;18;14;15;10;8;10;8;5;5;6;5;8;4;5;5;9;6;6;5;3;2;4;5;5;5;1;2;4;3;0;3;2;1;0;1;1;1;3;2;1;0;2;0;3;0;1;0;0;1;2;1;0;0;0;0;2;0;2;2;1;2;0;0;0;0;0;2;0;1;1;0;0;0;0;0;0;0;0;0;1;0;0;0;0;0;0;0;0;0;0;0;0;0;0;0;0;0;0;0;0;0;0;0;0;0;0;0;0;0;0;0;0;0;0;0;0;0;0;0;0;0;0;0;0;0;0;0;0;0;0;0;0;0;0;0;0;0;0;0;0;0;0;0;0;0;0;0;0;0;0;0;0;0;0;0
0;0;0;0;0;0;0;0;0;0;1;1;1;0;0;1;0;1;2;1;2;3;2;0;1;1;4;5;3;4;19;3;11;11;6;4;8;15;10;5;5;21;11;16;2;24;14;29;29;38;25;69;60;43;94;58;132;74;214;252;159;468;682;466;1362;2686;2050;9757;22098;9549;1873;2986;1637;1015;370;580;423;283;259;111;168;132;110;103;50;83;84;55;64;37;35;34;21;34;25;34;26;26;19;15;12;12;13;8;11;6;10;6;10;1;7;6;4;5;5;6;2;7;3;4;4;6;5;3;3;0;1;3;2;7;2;4;3;1;1;2;1;2;2;0;2;1;0;2;1;2;1;2;2;1;0;1;1;2;0;1;1;0;0;0;0;1;1;0;1;0;0;1;1;0;0;1;0;0;1;0;0;0;0;0;0;0;0;0;0;0;0;1;0;0;0;0;0;0;0;0;0;0;0;0;0;0;0;0;0;0;0;0;0;0;0;0;0;0;0;0;0;0;0;0;0;0;0;0;0;0;0;0;0;0;0;0;0;0;0;0;0;0;0;0;0;0;0;0;0;0;0;0;0;0;0;0;0;0;0;0
